-9.338061338711354242e-01
-2.014447209262487659e-01
-1.517110496574497480e-01
-4.713801600344228598e-02
-3.087291883589324271e-01
-5.776116274614857549e-01
-1.381230172552208590e-01
-2.956315206803413614e-02
-2.380200544711097432e-01
3.836239510551987530e-01
4.622996962138330446e-01
7.617049632170611595e-01
6.162219842948838400e-01
4.625013544511130115e-01
-1.979879354106759692e-01
4.399300418120420386e-01
-8.096438793975646586e-01
2.233903493317110633e-01
2.428453811601151424e-02
-4.164170848344026510e-01
9.966300974119444156e-01
5.508132402111517445e-01
2.626539410374838512e-01
9.628121998957072103e-01
7.061538650238579073e-01
9.017547536686246756e-01
1.010768066490819739e-01
9.810901048401082791e-01
5.535770015043320891e-01
-6.212905409861742001e-01
-1.216569195423105598e-01
7.516143257901708452e-02
-9.310015388106251955e-02
8.882101906147926718e-02
-3.220940129961947368e-02
5.391572581552592780e-01
-9.316613240457310985e-01
5.493690318427340014e-01
5.157939199591127233e-01
1.028129782246421264e+00
2.411116382564311711e-01
1.080014985435109875e-01
8.060608401245042756e-03
-3.883603744975542837e-01
8.789313577284469936e-01
-7.692697843532421420e-02
2.296090784172902244e-02
-7.857951341233399001e-01
7.231251233358684249e-01
-3.631944598640080568e-01
1.118562108795613685e+00
9.045466338323070454e-01
4.792761816240393991e-01
1.496347540957869704e-01
1.816883885616069616e-01
1.057263988892144013e+00
6.062888272542478196e-01
-5.229541170980673837e-01
7.158780039765806347e-01
-1.364908469706219984e-01
6.771663010773983915e-01
-5.181488254329696952e-01
3.028800878680456554e-01
8.766977929569330641e-02
-7.690326712658039909e-01
7.707352219336058852e-01
-6.972834006877314250e-01
7.353248391430068365e-01
-5.359520127673728096e-01
-1.372804742522948651e-01
4.156008368323957369e-01
-2.850141454963464605e-01
4.020804937150570524e-01
1.558108441365122290e-02
-6.234262762144788805e-01
2.029164746151271570e-01
3.185037529057817979e-02
1.967869087765925229e-01
1.402008615154434645e+00
6.086535936354984244e-01
2.008690896637424783e-01
-2.729577685096400141e-02
1.020498048210518816e+00
-7.677755818215802330e-01
9.758068487552937764e-01
8.844022331766858702e-01
-1.221088184181213648e-01
-5.542653039350197153e-01
5.430572996539304587e-01
2.593043269808849305e-02
8.287649126781886089e-02
-4.682899171394336313e-01
7.787574006024696738e-01
-1.148126727408254194e-01
3.590467037558752739e-01
-3.707688433724604660e-01
9.579503125847138589e-01
-2.275377253543592049e-01
-5.589567777302031359e-01
-3.474974612730932777e-01
9.609282979644118150e-02
1.252700505249063179e+00
-1.553665901690226003e-01
1.110800662621022949e+00
9.927598716201841977e-01
7.323451445252745495e-01
4.976315686664672389e-01
-1.352142622526109728e+00
2.552049661820237625e-01
4.842456673021409141e-01
-3.015508111179117101e-01
7.054549468006510171e-02
-1.673838533546712082e-01
2.095509392688171546e-01
-6.681685443510791966e-01
3.963359173439225946e-01
4.611686826599014077e-01
1.681851192092476133e-01
-6.712276702218467062e-01
-1.654710226669670603e-01
2.402085743124107720e-01
-4.536108732275688227e-01
1.065341186978903565e+00
5.874567390324194477e-02
-5.814710116891272929e-01
1.019099603167579887e-01
4.781022971198656824e-01
-9.508025584627913807e-01
4.291091941075673710e-01
-1.133791653077349748e+00
5.759653372301701268e-02
-3.807590876155944049e-01
-8.803731804595450461e-01
-6.805163362156710916e-01
-8.794371562825541444e-01
7.359086951673298183e-01
8.572498633274430180e-01
1.165434183187843642e+00
-1.649070110285880686e-01
-4.861237558233945100e-01
3.063794513143437981e-01
5.204268704102066323e-03
2.441613690763603465e-03
-9.793969783476244029e-01
8.784088364530744097e-02
-1.017770185552112072e-01
-6.067065626774347242e-01
2.994365398096581199e-01
1.381148583958791420e-01
-1.245165337699346425e-01
-6.680099311830608455e-01
-7.464828658904931746e-01
-3.016576156843175927e-01
6.185592538157642928e-02
-4.969966931364468432e-01
-1.208735649619374630e-01
7.976461036831686835e-01
1.443285160950051049e-01
-7.278155250258397935e-01
1.103824754200634500e-01
5.934356438068329881e-02
-5.329244172604276075e-01
2.943227787125878847e-01
-1.594111671641569583e-01
4.309523739823201693e-01
1.169363139633188831e-01
-5.101718817955085417e-01
-7.182013691427933944e-02
6.237961356936486124e-02
-4.389706499115714200e-01
-5.231044660538482216e-02
8.715093086871786854e-01
-4.607000253165148274e-01
6.740059543143891441e-01
-3.080515784151371395e-01
4.985903219549471244e-01
6.263602128380996170e-02
-5.883145841774909401e-01
-4.313300710059804755e-01
-4.433325163050207962e-01
2.863808214583528633e-01
3.005185756693686261e-01
7.396073558870581710e-01
4.547317136929978632e-01
2.764374422770094486e-01
1.569955595030167739e-01
8.875141022546573222e-01
1.734193144973322109e+00
-2.045990408929810600e-01
-3.782082184596968211e-01
1.974298241375855856e-01
1.714406880499507735e-01
9.283157224712006161e-02
8.841262861332874756e-01
2.552902579128109029e-01
-6.947151128626340988e-01
-3.470373831980427815e-01
2.683035719136432351e-01
-3.031899209839301057e-01
1.671396805685471942e-01
5.879556411807227434e-01
-5.136335467245128905e-01
-1.456720518708154444e-01
3.773999152176201188e-01
-6.620570884711608484e-01
-8.088373642428863253e-01
3.776988264246723959e-01
1.396396116405569932e-01
4.319981017194732265e-03
4.724567687493680390e-01
-6.852881508745386485e-01
3.283031791537152078e-01
-1.025323581075892720e+00
-3.311039201061498627e-01
1.462418533698849332e+00
1.204816295067773074e-01
-4.929991760462654193e-01
7.613653995006468556e-01
4.807733425681142703e-01
-1.330141384418428996e-01
9.456531294130132714e-02
-8.385202793447607550e-02
-3.584095903055811161e-01
8.483306036250312099e-01
3.804256431072092215e-02
1.496577553546299066e+00
-5.035415536251396373e-01
4.227812301822852364e-02
-1.621694852417435440e-01
-5.272860453715561002e-02
1.950399239851011712e-01
-1.363792611329688598e-01
-9.819196625378306953e-01
-3.039655280445457963e-01
8.525782866152712414e-01
-2.986947588395752473e-01
-3.086814719308046961e-01
4.597217709389826434e-01
1.667501730122207815e-01
1.828966806589202854e-01
5.514364554236121929e-01
8.542802461435752281e-01
3.394846246717859173e-01
1.304479091829926218e-01
-5.886782845086488969e-01
2.466023828969847453e-01
6.205806938879978585e-01
-4.311004596620132689e-01
2.358378421667734481e-01
7.027522035862990846e-01
-2.187586611192897657e-01
-5.470528177107920609e-01
-2.960540839127018264e-01
-9.296851720561315480e-01
-9.005382103068300115e-01
7.732145696548894387e-01
2.297917345627685168e-02
1.213020688527327307e-01
1.163357284360991561e-01
5.178986189172013477e-01
9.365566498869595802e-02
-8.200996661124496656e-01
-3.720156779207724473e-01
9.586247021624150211e-01
9.485905739920738045e-01
5.029965150969029075e-01
-7.683988032782181898e-01
4.380960003538099667e-01
2.076243793502372537e-01
-5.702906525967349483e-02
8.698256830869988132e-01
3.741198030000154606e-01
-3.135998753612048717e-01
5.828826821791252000e-01
8.137908656561041454e-01
9.175392006282501178e-01
-4.659813044994001174e-01
-6.222650970665252051e-02
3.105347941750707941e-02
-6.397380946884148045e-01
-7.351636664729607196e-01
-3.699567452775672782e-01
-4.059475458446158980e-01
2.146819996578770429e-01
4.986069696248138783e-01
5.954519228550004817e-01
-1.035938928395238490e+00
-9.024286969737349562e-01
-5.866570730172510073e-02
-9.774819069080545875e-01
3.129196993853515518e-02
3.205393192540161307e-01
-9.505448032667200842e-01
2.588478020114431954e-02
8.356356258475006182e-01
3.491300010843400026e-01
2.198638909692085530e-01
-8.211563602456936062e-01
-2.238292903194804076e-02
2.855376099543530111e-01
-7.155095944610971870e-01
7.562157933731412651e-01
1.037189112503965061e-01
9.653830479578671131e-01
-4.108004446640519669e-01
9.822234686146731342e-01
3.668160065947788651e-01
-6.613895786961530021e-01
7.524800347896982711e-01
3.079980354782386076e+00
9.903545130202070501e-01
1.438018732768193919e+00
2.464633828983202601e+00
1.479496517601614824e+00
-6.163976292242757671e-01
2.858897492422750580e-03
-5.722514351156193779e-01
-1.077254315919592198e+00
5.322119038202349772e-02
-7.361366560684280413e-01
1.532457008540405452e+00
-4.877094640648402257e-01
-6.867450205518295103e-01
-7.854997986864131754e-01
4.135971515020797074e-01
6.647312247555169362e-01
-3.110129810045549337e-01
-7.975844559758664409e-02
-7.329922633354176709e-01
5.436007685060476602e-01
-8.344377805987777119e-01
3.360324449878880626e-02
5.549550792052054815e-01
1.517930753224791651e+00
-4.235086307688053497e-01
-1.261944045741408282e-01
-1.510930080176617896e-01
1.687476609854597909e-01
1.338680733953635960e+00
-5.011914162546654561e-01
9.759713774384680407e-02
6.092924753392784387e-01
-5.990507479612571656e-02
1.585874538900633235e+00
-9.118103273742809156e-01
-8.561528987260497159e-01
8.675237256522534413e-01
-1.169696791083111170e-01
-8.974619616234928987e-01
-2.469810622741335504e-01
5.766349180025609478e-01
-4.656687386735379464e-02
9.835142334260645880e-01
2.140804256084613555e-01
-9.103840248826934323e-01
4.376217362098213659e-01
-5.521748672843918015e-01
-4.076780849046347521e-01
-6.468179447113276970e-01
5.319346629487373690e-01
-9.323135794672706700e-01
1.332237122962246501e-01
-7.787324306187770606e-01
3.104750616315031242e-01
7.818756156886426112e-01
-4.723465692702648044e-01
-1.109952670772393069e-01
6.385220829719584490e-01
-1.985194675420433874e-01
7.802039045823122576e-01
7.836424983110239495e-01
-1.382296439218171080e-01
-8.500844727953280056e-02
5.105294925681485019e-01
5.379829816436880741e-01
-4.947129633323991138e-01
3.452062977585124148e-01
1.168315671162122871e-01
7.233614148056378701e-01
5.005570540215692477e-03
7.715829881775562171e-01
-1.387675807732755284e-01
2.097880405448820262e+00
-2.166924819259324619e-01
5.301628446843191789e-01
-8.038013082579995028e-02
4.234338049628100786e-01
2.654922295643855068e-01
1.189953853681593232e+00
5.407778050766338662e-01
-5.157148105778670555e-01
4.333189085389925754e-01
-8.820603000142628325e-01
8.842643562236432997e-01
-1.995035002386768008e-01
-2.124715771238201434e-01
-4.846577267062507910e-01
-7.116846528737407196e-01
2.860723484856834697e-01
2.140944890046506899e+00
-9.492493710084547454e-01
7.082533094905607562e-01
-2.195119812517013214e-01
-6.844315440823935948e-01
-7.158641151232995881e-02
-7.573538546811439121e-01
-4.780004227762743030e-01
1.364388386225308669e-01
3.944633095894716779e-01
-8.591347831773918919e-01
-3.305682298043842726e-01
7.734353843318479971e-01
-4.015055043847123306e-01
7.008806802830077620e-01
-3.140620139475230888e-01
-5.574252824808000328e-01
9.259451635632669486e-01
1.090650814519567857e-01
4.811025154398203552e-01
-2.094849543435096384e-01
4.887203885167392681e-01
1.516087582473997497e-01
5.444745140748372680e-01
-2.455807484209930613e-01
3.882827609994091156e-01
1.628950013406484931e-01
9.557966407856659519e-01
7.399302578874409342e-01
-4.066744367390232040e-02
5.821732923711258056e-01
-7.642482787279269996e-01
8.159301579776936930e-02
-1.020060139503643271e+00
-3.587544683166454806e-01
-4.883972846602800399e-01
-6.737373941024231705e-01
-7.643859269823540803e-01
8.297378957991723425e-01
-2.832045172466699512e-01
-1.228634846998380770e+00
3.594635884766999023e-01
-7.526708369933514664e-01
4.265119607035159355e-01
3.834215274751689440e-01
-8.755933777574393950e-01
-9.769517932359814694e-01
-1.766653847528618926e-01
-3.091427316910575485e-01
7.181932113649678318e-01
7.990042564406629744e-01
-3.357544370920417243e-01
2.291226655749428655e-03
6.513778919811012980e-01
8.506013039120677854e-01
-4.604814580458615469e-01
2.713322367892292974e-01
-3.786151267650622598e-01
-8.621032163469833920e-01
-5.965451613304797451e-01
1.274360989557646873e+00
-8.237165171593954227e-01
-8.047410440842076018e-02
1.018805130245976409e+00
2.560081622737336304e-01
-9.923561837458013679e-01
5.921832163079966405e-01
-6.880082983799032936e-01
-3.642601395172450629e-01
6.399102319507942171e-01
-3.824616816013626241e-02
-7.635436511561951578e-01
1.404738467541840841e+00
4.202026383896302342e-01
1.688184302798162228e+00
9.360896269990052199e-01
5.741850820470859595e-01
-5.146708516705810199e-01
-3.274831695867800319e-01
5.573834334149768699e-01
1.933811080584419306e+00
-6.703571699895617408e-01
-5.851400401069940527e-01
2.825589210326924783e-01
1.065498603084980567e-01
-9.016850003927654456e-01
5.196081160471029969e-01
-8.051011642208431851e-02
4.714194442373871308e-01
4.372801811212609358e-01
7.560013311600308206e-02
2.890406098682280975e-02
7.168245490596576730e-02
2.501337930295258194e-01
-8.065665760370538395e-01
9.744598722711529382e-01
-1.728859173998990861e-01
1.546479711558411907e+00
3.125913114458072073e-01
4.698100321763758469e-01
2.439448363805599429e-01
1.437080814007437368e+00
6.637409674026129025e-01
-5.092419577941733611e-01
8.975915175494818543e-01
-2.661179049399597929e-01
-9.059676402169423159e-01
-5.541043354730463832e-01
1.167646194142987870e+00
9.651331821320292548e-01
5.598501464929832583e-01
1.188841852279098221e+00
6.335372530776739453e-01
-4.220128206683681493e-01
5.113329940964020937e-01
-2.301380917064710374e-01
1.697596511170524625e-01
8.281247086830586523e-01
-2.290212316796822190e-01
-5.256836962687133630e-01
8.804353605950466788e-01
9.010416045219594994e-02
5.652916416534087274e-01
7.216177745735784521e-01
-1.556182062815414935e-01
2.282250996366078644e-01
5.991060234564151710e-01
-7.109877432215816473e-01
3.925715663165649794e-01
9.647099746197382863e-01
6.644502022148008891e-01
-3.375935597439593816e-01
9.395694188615607567e-01
9.765614793557331197e-02
4.968114840263204712e-01
5.245532762882276767e-01
-7.098560242122134989e-01
6.091732176760900758e-02
3.921443509612216327e-01
-1.909117280125936789e-01
1.637271284874748378e+00
-1.678199701565678548e-01
3.083383094413219006e-01
8.906763975822061530e-02
9.710814027458682940e-01
-7.519452868936219447e-01
1.069542715314266285e-01
-2.198903332386883958e-01
-3.254672012775386425e-01
3.726778224724276445e-01
-6.782697339729578528e-03
6.812674025552152290e-01
1.149348801179915558e+00
7.765969287201048843e-01
9.483574902137925644e-01
-7.151130731091422943e-01
-6.188818866815050113e-01
-9.979086772527904214e-01
-1.987638636659925795e-01
1.133801711324406103e+00
7.409937134527020408e-01
-5.898477762509001243e-01
-1.122576350472231782e-01
4.778991374607287068e-01
-4.032835223981499628e-01
6.369236299196434636e-02
-9.394686883267595878e-02
-1.888052086090729886e-01
8.796678789941364540e-01
3.074962457563270024e-01
6.884205764092146129e-01
-3.931725352144364027e-01
4.739870640918370515e-01
-4.762434361812744980e-03
-3.626189214209341594e-01
3.839438339158668945e-01
-5.789706632318045720e-01
7.941099263202259229e-01
-5.805906557563562664e-01
-4.571894130999256123e-01
-2.291094879038189092e-01
-6.413065062222648161e-01
-8.050196634865555700e-02
2.261187913188528742e-01
-1.107105399233025145e-01
-9.962684392437004544e-01
-6.134416164781841818e-01
-6.487956252962192583e-01
-8.398345308662288344e-01
-3.255077841585997667e-01
-3.201449141984236690e-01
-5.415887230683708031e-01
-2.467452444453176272e-03
-6.490825826094842599e-01
3.978819297331659954e-01
1.029457101633956054e-02
-8.980532082543900563e-01
8.324910629836068665e-01
3.595847034675512810e-01
1.813795259087660761e-01
7.207715099989210339e-01
-2.203654696669575808e-01
3.987961165885475778e-01
6.236453106733152313e-02
-7.592919696532771656e-01
-7.943170119180240629e-01
1.830581246934167572e+00
1.062986157085282768e+00
4.719288523007109659e-01
3.559509125000305807e-01
7.236923178564146353e-01
1.654769301764068556e+00
-5.846252835083286248e-02
1.240161094314361057e+00
-1.541556013899081021e-02
-2.595989668263847250e-01
6.006285044653337790e-01
-5.374528682292115667e-01
-3.206265119961136389e-01
-5.061082489862774730e-02
-1.219136677392289869e-01
5.829738449538697243e-01
-4.557844990792270790e-01
-9.291643344521943737e-02
-9.227070009325781808e-01
-5.936356975498014998e-01
-5.481961047835084422e-01
5.999550306491741036e-01
9.130584782724515680e-01
-5.866304315799765190e-01
1.030744956526846057e+00
-5.337581422437377432e-01
-2.115367656542406494e-02
7.580538995828183246e-01
1.509589263055597375e+00
-3.135232218088277456e-01
-7.428550003710401306e-01
2.373310047563571001e-01
8.507631927326397836e-01
1.143919945064685972e+00
3.686305605283533016e-01
7.319639264975890125e-01
-5.042168379511371423e-01
-7.775869142937380518e-01
8.203479354055359662e-01
-3.827337875575951287e-01
-6.496908128405340932e-01
3.253684121870963342e-01
7.058757461470464012e-01
-1.593774962612193313e-01
-6.106845865433362386e-01
4.050604529884231364e-01
-5.030812193676981181e-01
-1.000604926125697736e+00
-3.373375151642452052e-01
-6.991228129014371850e-01
3.863729090643018282e-01
-6.059812316911565855e-01
-4.692984909345880862e-01
-4.229226443363254817e-01
-7.711315096900892563e-01
-5.592838280235093995e-01
-1.887667204093015638e-01
1.115891699175644014e+00
6.555411603207242921e-01
3.786840349476487400e-01
2.201723565814312222e-01
-3.680202004390949466e-01
6.005511073469526478e-02
5.491436551136018585e-01
-1.187946402842891686e-01
9.534174886429062079e-01
-3.717002697605156225e-01
-9.062935748206767395e-01
-5.770706184716400261e-02
5.514229902988545540e-01
7.354037746918725693e-01
9.386985720296865399e-01
3.046522141126881689e-01
8.656298178640325913e-01
7.695097186429548097e-01
4.166574094061740174e-01
3.341173403231493255e-01
2.902533287014366636e-01
-5.752135546702692448e-01
2.169764643498626744e-01
-3.816037104097150245e-01
3.996182478361303692e-01
9.622841338994435612e-01
1.109963444103830299e-01
1.149568360481354690e+00
-1.012189126781673637e-01
9.688555622436672010e-01
2.565777574206719591e-01
-5.215685294997152166e-01
-9.988911227057557518e-01
8.373144223158487942e-02
-2.940476366192106283e-01
-1.125961238119216751e-01
-1.725422315511531291e-03
-6.021169527767911145e-01
8.616633216066127421e-01
6.146644585876450684e-01
-1.655174120879256416e-01
1.054628510773160777e+00
-9.346290585749986723e-01
-2.493869364767647978e-01
1.606017748841878090e-01
4.282177273089546876e-01
3.759981839771040502e-01
5.175919657109727678e-01
7.587354105170068808e-01
1.069486676343692211e-01
-5.298121784850757798e-01
1.168851809265319064e+00
-1.260932924856255521e+00
-1.665952884377724930e+00
4.855532618903581898e-01
1.051830081018740870e-01
-9.250418635929347211e-01
2.919187960915382019e-01
1.108931285437915415e+00
-1.732988103444263808e-02
-5.225308814512834577e-01
-1.052817822134197501e+00
4.020730105859662284e-01
-3.170359343706088406e-01
4.728633081628844104e-02
-7.365357903340221668e-01
4.824189457673946357e-01
3.852935550158486100e-01
-5.474051100454607743e-01
6.699593285066207660e-02
-8.235435397929951051e-01
-1.699204569786483265e-01
6.979533602644655277e-01
-1.174360035763471755e-01
1.191562509467059550e-01
-4.353891125047844590e-01
-8.327315130004815380e-01
6.785281230574755629e-01
5.736901518624596408e-01
5.403800808256132848e-01
2.073432170159497656e-01
1.009578239878470507e+00
-1.768971111276906871e-01
1.956705368579051904e-02
1.027771255430941055e+00
6.292064102068671838e-01
8.122907213537793325e-01
-1.429939352186746469e-02
-3.003531178735056595e-01
-7.892998545759548623e-01
2.366008001276599382e-01
-3.756045958033139565e-01
-1.953945609780242954e-01
-9.713888126309033755e-01
2.249476064463684089e-01
-3.167179956047809775e-01
-2.920868974559387432e-01
1.937109161500222554e-01
1.363331871876718671e+00
-5.339661133577746632e-01
6.119466671416463610e-01
5.087313418678982568e-01
-1.563003575355762786e-01
-3.131425562323383316e-01
-6.259719151503668755e-01
-2.046763220845936315e-01
-6.423384462168917342e-01
2.213586002528002417e-01
1.158347747658216242e+00
-8.129121760198403379e-01
8.012992659081196178e-01
9.040551603190778440e-01
-1.213594892303622164e-01
1.256919242967350324e-02
-3.065564437764607686e-02
6.163092391558523397e-01
3.598834129939956217e-01
-6.870828876269878815e-01
7.910014283095867516e-01
1.457626478750464027e+00
4.557719974295332266e-01
-2.600069702423015161e-01
-2.517430506029094683e-01
-6.915082569087246389e-01
-4.635084021836157753e-01
9.172464499009713723e-02
1.147998859256508464e+00
9.124273552685490118e-01
2.984052609522932359e-02
-4.478263986104173977e-01
9.143128234118111930e-01
7.804345371546670407e-01
1.949246926717873585e+00
-8.791477008622179401e-01
-3.220770529157782058e-01
-2.213426952441724660e-01
-8.382326282157434028e-01
-2.174827687146532046e-02
2.881666277749587168e-01
1.022985013721171788e+00
3.812486164773004615e-01
5.800533289849413299e-01
4.480482878318226697e-02
-6.688257710837235415e-01
-1.016579583722055702e+00
-8.505000811750003109e-01
-2.825855586214852735e-02
8.623604855234124900e-01
4.493241939353534997e-01
-5.309772409854209840e-01
8.440232735269352915e-01
-8.624065059747290096e-01
5.835133452666958487e-01
-8.444967867678594420e-01
-4.602867660962010055e-01
-1.586721061641389527e-02
-6.292580426266934923e-01
-3.507437478924633756e-01
-2.072259926074946357e-01
-6.379105843724450775e-01
-5.624199936839675562e-01
1.255792237233500197e+00
6.912455357609368356e-01
3.933260668254223713e-01
7.596333916046511536e-01
5.797461403338284303e-01
2.042711213281004357e-01
3.188913407384329490e-01
6.009775472509506500e-01
-7.370875246116317392e-01
-5.217665353847831256e-01
6.077111517491907700e-01
-2.216546891585627344e-01
-1.485811262448693271e-01
-6.025872086319197241e-01
9.958536214194090019e-02
6.765421902842909674e-01
-3.174186842552300519e-02
8.621196040780685355e-01
-4.685817831748086415e-01
1.781121088097105121e-01
7.389600174418774481e-01
2.718145963060984993e-01
2.726887079062733504e-02
6.520747366843017145e-01
-5.966496542993825203e-02
-2.150386010582257534e-01
-6.564819473794670790e-01
2.038057794857940641e-01
-1.326521330330392878e+00
1.355907562616641138e-01
5.151562447116575516e-01
-1.771787897182043325e-01
5.457365555832875970e-01
-6.652875369927191418e-01
-5.806905766617236342e-01
2.444948993808998827e-01
-6.117574492022642696e-01
4.544813932783433041e-01
1.136396578101609989e-01
1.587557910286880314e-01
1.024089130881469106e-01
-4.755583384933780855e-01
-9.032698605823152524e-03
5.746889252875504450e-01
-1.538513615260285738e-01
-2.254596735402801255e-01
2.406856323813269805e-01
9.771645925224093920e-01
-2.863890827674522854e-01
8.594021272790928201e-01
1.318275640219153111e-01
-4.852746198934329014e-01
-6.522529648778041533e-01
-6.472251436081442044e-01
1.771813555962145348e-01
-4.495212325237386147e-02
5.728190073318415454e-01
-3.705713575623301170e-01
3.526632869553182892e-01
-4.102496219274591738e-01
8.032597073729081938e-01
7.639804077483759448e-01
-3.167811747765916230e-01
6.108464425502433404e-01
-2.461343603284426307e-01
-2.779282135021549083e-01
3.222686111116321861e-01
1.015527286983833433e+00
-6.734231022414935985e-01
-6.385575499164884983e-01
1.221943405367099250e-01
1.903872237125026345e-01
4.337449078763015442e-01
1.132504460932242329e+00
1.171847941827020012e+00
5.183574788063430860e-01
6.020365085910860392e-01
-8.620819405219434794e-02
-7.793994413824497647e-01
-2.080473565956440785e-01
8.917839916091192531e-01
8.114517776428616935e-01
3.158728506453638563e-01
-9.561771490884848346e-01
4.405810994609719033e-01
1.193573581091324047e-02
-1.025803048361985381e-01
-2.032409617794698475e-01
5.969958566639724795e-01
-2.264206674722701873e-01
1.694459118841805945e-01
-1.103546926285634111e+00
2.906335922846758346e-01
-6.801301600127691582e-01
1.009550651025872714e+00
3.842297388594189678e-01
1.358889774241741621e+00
-2.378580459839498562e-01
8.468384056813773597e-01
7.615116021312545724e-01
1.320758591904917512e-01
-8.504416357060281539e-01
1.631592359142770565e-01
2.006089790489499758e-01
-1.849658546897042510e-01
2.923300476147716511e-03
4.916069583463866105e-02
-8.874749954130323193e-01
-9.590024006488389041e-01
7.763394970625665525e-01
-7.354668304698801506e-01
8.451027544605592690e-01
2.311160758562952056e-01
1.628819985454681707e-01
-7.316496742332805059e-03
-5.346395564184760474e-01
9.486445310925187835e-01
-4.804716988127001875e-01
3.222429171627212430e-01
2.791730499822687728e-01
-7.012239898414381056e-02
-3.899901959866310386e-01
7.613909329560333283e-01
2.437338816435758726e-01
3.995401924883419387e-01
5.441683554633815895e-02
-8.334872486506513800e-01
-6.252269803690461147e-01
-6.100242776504177789e-02
-6.411531461805815013e-01
3.660079853420975526e-01
-4.813134768026885446e-01
6.743516135472982231e-01
2.315804714461411340e-01
-1.323199958690548517e-01
-3.990640292259166610e-01
-5.418424587042774965e-01
3.169492285146918165e-01
-2.869840660289768031e-01
2.252501456638574262e-01
-7.506061331145326143e-01
-4.180010028891822937e-01
-7.359598434577351300e-01
6.805668661644369566e-01
-6.845561579020308374e-01
-4.404958108345002343e-01
-9.634027473933715058e-01
5.508626213780676295e-01
5.965173738176204887e-01
-5.456600049145345910e-01
3.603318570045581648e-01
-2.272370194361748863e-01
8.514210899656228237e-01
3.697954872562550510e-02
-1.660508685527279371e-01
-2.779885973380932795e-01
-1.859472212216440601e-01
3.564532822482678887e-01
9.668380493415926896e-03
1.108033881245271024e+00
-9.327264212991545067e-01
4.575281489053932837e-01
-3.631293509473472181e-01
1.294394841715990285e+00
7.053273373012858283e-01
-1.881039568057366884e-01
-3.777820922768370115e-01
-7.718590175677567666e-01
7.880506215657407942e-01
7.894018770358859349e-01
-5.928812371276670490e-02
-6.871108221889349332e-01
-2.483066462521614226e-01
1.068071263434091644e+00
1.206069151039993598e-01
2.774919208442652163e-01
-6.665407801692880829e-01
